3 0.8588558558558559 0.6485333333333333 0.06672972972972972 0.2342111111111111
3 0.2586396396396396 0.21052222222222222 0.07506306306306305 0.1601
3 0.3348198198198198 0.26545555555555556 0.06681981981981983 0.12392222222222223
3 0.4337837837837838 0.3945222222222222 0.10566666666666667 0.15031111111111112
3 0.36133333333333334 0.45405555555555555 0.10233333333333333 0.08967777777777777
3 0.41641441441441446 0.5162777777777777 0.11775675675675676 0.13796666666666668
3 0.4895045045045045 0.26926666666666665 0.10539639639639639 0.13153333333333334
3 0.6646486486486486 0.4454777777777778 0.1401171171171171 0.15254444444444443
3 0.6791981981981982 0.5655 0.10897297297297297 0.14623333333333335
3 0.7964324324324324 0.6016888888888888 0.07008108108108109 0.14243333333333333
3 0.7301621621621622 0.8420444444444445 0.0543963963963964 0.15964444444444445
3 0.5372522522522523 0.9155555555555556 0.1602162162162162 0.1688888888888889
3 0.30934234234234237 0.9415666666666667 0.11366666666666667 0.11685555555555556
3 0.3899009009009009 0.9796666666666667 0.07401801801801801 0.04066666666666667
3 0.40174774774774774 0.7869333333333334 0.08738738738738738 0.17006666666666667
3 0.37961261261261264 0.9147333333333333 0.04107207207207208 0.09231111111111111
3 0.7839459459459459 0.3634 0.07445945945945946 0.123
3 0.5301711711711712 0.40375555555555553 0.08171171171171171 0.12115555555555556
3 0.8519009009009009 0.4211888888888889 0.04562162162162162 0.09888888888888889
3 0.6547477477477477 0.7247222222222223 0.11463963963963963 0.12692222222222221
3 0.46480180180180175 0.6347222222222222 0.12187387387387387 0.16721111111111112
3 0.4776666666666667 0.7150444444444444 0.11054954954954954 0.10564444444444444
3 0.6033963963963964 0.14479999999999998 0.15351351351351353 0.1080111111111111
3 0.3502612612612613 0.1329 0.12240540540540541 0.22072222222222224