3 0.84125 0.79125 0.31750833333333334 0.4175
3 0.517175 0.484925 0.361 0.4706916666666667
3 0.13533333333333333 0.07838333333333333 0.2615 0.156775
3 0.1680333333333333 0.94125 0.3360666666666666 0.1175
3 0.4161416666666667 0.8033333333333333 0.27645000000000003 0.3933333333333333
3 0.14179166666666668 0.7474583333333333 0.278575 0.31908333333333333
3 0.14845833333333333 0.389075 0.2919083333333333 0.4356583333333333
3 0.8583416666666667 0.42012499999999997 0.283325 0.4702666666666667
3 0.2780166666666667 0.12840000000000001 0.5560333333333334 0.25680000000000003
3 0.6177916666666667 0.12423333333333335 0.30974166666666664 0.2484666666666667
3 0.364275 0.285925 0.29685833333333334 0.2651833333333334