3 0.7142817679558011 0.5651552795031056 0.14511049723756905 0.2797722567287785
3 0.6583425414364641 0.7049068322981367 0.11998618784530388 0.21229813664596275
3 0.7583287292817679 0.8206625258799172 0.10339779005524861 0.1498136645962733
3 0.2611325966850829 0.804927536231884 0.12998618784530386 0.22434782608695653
3 0.1366988950276243 0.34668737060041405 0.16675414364640884 0.1732712215320911
3 0.2511878453038674 0.3181159420289855 0.07918508287292818 0.2536024844720497
3 0.5823756906077348 0.2692546583850932 0.3514779005524862 0.4904761904761905
3 0.8824585635359116 0.43014492753623185 0.23506906077348066 0.4702277432712215
3 0.37023480662983427 0.9277018633540373 0.1349585635359116 0.11132505175983437
3 0.13269337016574584 0.06505175983436853 0.15708563535911602 0.11687370600414079
3 0.3676243093922652 0.27544513457556935 0.11368784530386741 0.18318840579710147
3 0.5301657458563536 0.6974534161490683 0.15095303867403315 0.14770186335403726
3 0.7510082872928177 0.11973084886128364 0.27493093922651934 0.23946169772256728
3 0.9275138121546961 0.10813664596273291 0.06110497237569061 0.21627329192546582