2 0.26693359375 0.426291718170581 0.226943359375 0.19215080346106303
2 0.25048828125 0.6482941903584672 0.21638671875 0.3500865265760198
2 0.35576171875 0.31095179233621756 0.133955078125 0.16985166872682322
2 0.448955078125 0.14605686032138443 0.2059375 0.19692212608158222
2 0.59087890625 0.12123609394313968 0.118701171875 0.09547589616810877
2 0.70716796875 0.1857725587144623 0.0945703125 0.16671199011124846
2 0.796923828125 0.2595797280593325 0.16396484375 0.1765760197775031
2 0.832265625 0.4303708281829419 0.14349609375 0.1669839307787392
2 0.684541015625 0.3749443757725587 0.124658203125 0.18835599505562423
2 0.54966796875 0.2300494437577256 0.243701171875 0.1422373300370828
2 0.47125 0.3789616810877626 0.14171875 0.21003708281829417
2 0.57689453125 0.3511372064276885 0.10736328125 0.15592088998763906
2 0.49130859375 0.6512855377008653 0.254384765625 0.32782447466007414
2 0.4110546875 0.8460939431396787 0.16083984375 0.21787391841779974
2 0.62486328125 0.5199629171817057 0.197373046875 0.2142645241038319
2 0.684404296875 0.37407911001236094 0.10998046875 0.20185414091470955