2 0.08975 0.520511111111111 0.12051666666666667 0.41537777777777773
2 0.2403833333333333 0.27693333333333336 0.1782 0.13333333333333333
2 0.6269166666666667 0.29573333333333335 0.32051666666666667 0.22564444444444445
2 0.37243333333333334 0.3290666666666667 0.19871666666666668 0.3264888888888889
2 0.27436666666666665 0.7162444444444445 0.25385 0.3076888888888889
2 0.12948333333333334 0.7914444444444444 0.14615 0.13675555555555555
2 0.9166666666666666 0.7564 0.16666666666666666 0.24102222222222222
2 0.52885 0.6316222222222223 0.31666666666666665 0.48717777777777777
2 0.6865333333333333 0.7888888888888889 0.26025000000000004 0.14871111111111113
2 0.7859 0.6512888888888888 0.15641666666666665 0.15384444444444445
2 0.84615 0.45384444444444444 0.30770000000000003 0.2376