2 0.12826666666666667 0.08922619047619047 0.2565 0.17845238095238095
2 0.05316666666666667 0.3354761904761905 0.10633333333333334 0.33363095238095236
2 0.2058 0.36315476190476187 0.216 0.4008928571428571
2 0.1569 0.6138690476190476 0.22266666666666665 0.27529761904761907
2 0.06823333333333333 0.8641071428571427 0.13646666666666665 0.2718452380952381
2 0.2187 0.8522023809523809 0.19963333333333333 0.2956547619047619
2 0.3663666666666667 0.5240476190476191 0.16386666666666666 0.3814285714285714
2 0.36556666666666665 0.15886904761904763 0.18226666666666666 0.30976190476190474
2 0.5292333333333333 0.10791666666666666 0.15626666666666666 0.21583333333333332
2 0.48866666666666664 0.3299404761904762 0.12846666666666667 0.26303571428571426
2 0.4953333333333333 0.6979166666666666 0.18396666666666667 0.4474404761904762
2 0.40326666666666666 0.9186309523809525 0.16873333333333332 0.16267857142857142
2 0.6558666666666666 0.8254166666666666 0.23616666666666664 0.34922619047619047
2 0.6523 0.2733333333333333 0.18683333333333332 0.34029761904761907
2 0.622 0.4761309523809524 0.18623333333333333 0.3372023809523809
2 0.8158666666666666 0.1881547619047619 0.1762 0.3763095238095238
2 0.8228333333333333 0.5552380952380952 0.22569999999999998 0.38029761904761905
2 0.8640666666666668 0.8601190476190477 0.1837 0.27976190476190477
2 0.955 0.7302380952380952 0.09 0.3850595238095238
2 0.9466666666666667 0.2669047619047619 0.10666666666666667 0.2917857142857143