2 0.146328125 0.06240476190476191 0.28303124999999996 0.12480952380952381
2 0.126765625 0.20445238095238097 0.253515625 0.16714285714285715
2 0.110515625 0.3703333333333333 0.22103125 0.1692142857142857
2 0.1101875 0.5339047619047619 0.220375 0.17402380952380953
2 0.1066875 0.7032857142857143 0.213390625 0.1648095238095238
2 0.11807812499999999 0.8723571428571428 0.236140625 0.1695952380952381
2 0.35559375000000004 0.8628809523809524 0.244828125 0.16895238095238094
2 0.332265625 0.7052619047619048 0.236640625 0.15414285714285714
2 0.3109375 0.5387380952380952 0.18678125 0.14704761904761904
2 0.31459375 0.3733095238095238 0.18448437499999998 0.16788095238095238
2 0.34965625 0.20316666666666666 0.18728125 0.14992857142857144
2 0.38825 0.06266666666666666 0.199578125 0.12533333333333332
2 0.5408906250000001 0.20976190476190476 0.20437500000000003 0.15945238095238096
2 0.57875 0.060476190476190475 0.18875 0.12095238095238095
2 0.7622656250000001 0.05942857142857143 0.183171875 0.11885714285714286
2 0.9248749999999999 0.059333333333333335 0.150234375 0.1186904761904762
2 0.73621875 0.20207142857142857 0.179171875 0.1587142857142857
2 0.91346875 0.20228571428571426 0.173078125 0.15547619047619046
2 0.50009375 0.37633333333333335 0.199703125 0.17757142857142857
2 0.500140625 0.5413095238095238 0.20220312499999998 0.15954761904761905
2 0.55528125 0.6998809523809524 0.206703125 0.169
2 0.576265625 0.869904761904762 0.19821875 0.16471428571428573
2 0.770484375 0.8671904761904763 0.194828125 0.15564285714285717
2 0.756828125 0.6991428571428571 0.19634374999999998 0.16021428571428573
2 0.697375 0.5402142857142856 0.18321875 0.15735714285714286
2 0.7004374999999999 0.3709047619047619 0.20617187499999998 0.17407142857142857
2 0.898828125 0.36633333333333334 0.18467187499999999 0.1612142857142857
2 0.8798281250000001 0.5273571428571429 0.192359375 0.16095238095238093
2 0.92909375 0.6911190476190475 0.141828125 0.15878571428571428
2 0.9338906250000001 0.8605714285714285 0.13221875 0.1606904761904762