2 0.31116000000000005 0.2395952023988006 0.20734 0.27679160419790105
2 0.55244 0.1931184407796102 0.31988 0.2535082458770615
2 0.81686 0.2898950524737631 0.36626 0.2747826086956522
2 0.8572799999999999 0.5039730134932533 0.22041999999999998 0.18022488755622187
2 0.28804 0.6919190404797602 0.36169999999999997 0.31188905547226387
2 0.29818 0.4543928035982009 0.34636 0.20415292353823086
2 0.09534000000000001 0.5210794602698651 0.19068000000000002 0.36
2 0.5269400000000001 0.3693553223388306 0.32889999999999997 0.13524737631184408
2 0.5728 0.49884557721139433 0.39562 0.1621889055472264
2 0.79868 0.6679310344827586 0.19266 0.1334032983508246
2 0.57802 0.7152473763118441 0.21394 0.1287256371814093