2 0.10743333333333333 0.2842222222222222 0.21484999999999999 0.33255555555555555
2 0.16398333333333334 0.07095555555555555 0.2715666666666667 0.1419111111111111
2 0.3402833333333333 0.22913333333333333 0.23954999999999999 0.32493333333333335
2 0.4740166666666667 0.07071111111111111 0.24033333333333332 0.14142222222222223
2 0.7172 0.09206666666666667 0.25235 0.18413333333333334
2 0.9314166666666667 0.09257777777777777 0.13718333333333332 0.18513333333333334
2 0.85485 0.30217777777777777 0.25843333333333335 0.3274222222222222
2 0.5854833333333334 0.2965777777777778 0.2658333333333333 0.3128444444444444
2 0.20573333333333332 0.5193777777777778 0.273 0.32422222222222224
2 0.0741 0.8025555555555555 0.1482 0.39486666666666664
2 0.2753333333333333 0.8436 0.27888333333333337 0.3128222222222222
2 0.4824 0.5958222222222223 0.2725 0.3506222222222222
2 0.7505666666666666 0.6120222222222222 0.2703833333333333 0.35564444444444443
2 0.9455166666666666 0.7093777777777779 0.10896666666666666 0.36235555555555554
2 0.8485333333333334 0.9042666666666667 0.2945 0.19144444444444444
2 0.5660666666666666 0.8709333333333333 0.2859833333333333 0.2581111111111111