3 0.30974545454545455 0.622568306010929 0.4818181818181818 0.43327868852459017
3 0.5850545454545454 0.39715846994535525 0.27403636363636363 0.39229508196721313
3 0.8623272727272727 0.46836065573770486 0.2753090909090909 0.4137158469945355
3 0.6146181818181818 0.760655737704918 0.6175272727272727 0.3698360655737705
3 0.1474181818181818 0.8377049180327869 0.29479999999999995 0.24491803278688526
3 0.07272727272727272 0.5181420765027323 0.14545454545454545 0.4430054644808743
3 0.13636363636363635 0.3727322404371584 0.2727272727272727 0.34349726775956285
3 0.3941454545454545 0.4415300546448087 0.7 0.3834972677595629
3 0.35163636363636364 0.3039890710382514 0.23439999999999997 0.3112568306010929
3 0.3301818181818182 0.1663934426229508 0.33181818181818185 0.24295081967213114
3 0.6821454545454546 0.14978142076502732 0.3538909090909091 0.2839344262295082