1 0.1260888888888889 0.5053333333333333 0.1748888888888889 0.6087111111111111
1 0.21257777777777778 0.5463555555555556 0.16231111111111113 0.5922666666666666
1 0.32608888888888893 0.5855111111111112 0.1652 0.5912888888888889
1 0.3492888888888889 0.314 0.14782222222222222 0.22608888888888887
1 0.4188444444444444 0.3855111111111111 0.11884444444444443 0.2879111111111111
1 0.4898666666666667 0.6154666666666666 0.19902222222222224 0.597111111111111
1 0.8570222222222222 0.5009777777777777 0.1912888888888889 0.5942222222222222
1 0.7710222222222222 0.5309333333333333 0.16617777777777779 0.6135111111111111
1 0.6560444444444445 0.5840444444444445 0.17200000000000001 0.5980888888888889
1 0.5811555555555555 0.3806666666666667 0.11302222222222222 0.28986666666666666
1 0.5347999999999999 0.32124444444444444 0.10146666666666666 0.2483111111111111
1 0.6985333333333332 0.32608888888888893 0.08311111111111111 0.27342222222222223