0 0.62109375 0.49609375 0.7421875 0.9921875
0 0.625 0.921875 0.734375 0.140625
0 0.6328125 0.796875 0.71875 0.28125
0 0.6953125 0.65234375 0.59375 0.1796875
0 0.7421875 0.58984375 0.5 0.1328125
0 0.79296875 0.48046875 0.3984375 0.1015625
0 0.43359375 0.4296875 0.3203125 0.15625
0 0.71484375 0.31640625 0.5546875 0.1015625
0 0.640625 0.10546875 0.703125 0.2109375
0 0.625 0.19921875 0.734375 0.3046875
0 0.18359375 0.5625 0.1953125 0.578125
0 0.1875 0.6015625 0.1875 0.15625
0 0.19140625 0.76953125 0.1796875 0.1640625
0 0.1875 0.328125 0.171875 0.09375
0 0.0859375 0.4765625 0.0625 0.15625