0 0.65625 0.0859375 0.265625 0.171875
0 0.65625 0.2734375 0.265625 0.1875
0 0.66796875 0.46484375 0.2734375 0.1953125
0 0.67578125 0.66796875 0.2890625 0.2109375
0 0.66796875 0.8828125 0.2578125 0.21875
0 0.40625 0.08984375 0.234375 0.1796875
0 0.40234375 0.27734375 0.2265625 0.1953125
0 0.41015625 0.4765625 0.2265625 0.1875
0 0.41796875 0.66796875 0.2265625 0.1796875
0 0.40625 0.8671875 0.21875 0.203125
0 0.17578125 0.109375 0.2265625 0.1875
0 0.17578125 0.29296875 0.2265625 0.1796875
0 0.17578125 0.47265625 0.2421875 0.1953125
0 0.171875 0.671875 0.234375 0.1875
0 0.16796875 0.85546875 0.2265625 0.1953125
0 0.03515625 0.19140625 0.0703125 0.1484375
0 0.03125 0.33203125 0.0625 0.1171875
0 0.02734375 0.484375 0.0546875 0.171875
0 0.02734375 0.66796875 0.0546875 0.1953125
0 0.0234375 0.8671875 0.046875 0.1875
0 0.90625 0.89453125 0.171875 0.1953125
0 0.88671875 0.6953125 0.1484375 0.234375
0 0.97265625 0.734375 0.0390625 0.203125
0 0.96484375 0.52734375 0.0546875 0.2265625
0 0.953125 0.25390625 0.078125 0.3046875
0 0.94140625 0.0703125 0.1015625 0.140625
0 0.85546875 0.203125 0.1328125 0.296875
0 0.87109375 0.44921875 0.1328125 0.2734375
0 0.8359375 0.0234375 0.09375 0.046875