0 0.8125 0.91015625 0.359375 0.1640625
0 0.796875 0.68359375 0.3125 0.2734375
0 0.96875 0.67578125 0.046875 0.2734375
0 0.95703125 0.39453125 0.0703125 0.2890625
0 0.92578125 0.125 0.1328125 0.25
0 0.47265625 0.90625 0.3671875 0.171875
0 0.01953125 0.91796875 0.0390625 0.1484375
0 0.1640625 0.9140625 0.265625 0.15625
0 0.4765625 0.6953125 0.359375 0.296875
0 0.14453125 0.69140625 0.2890625 0.2734375
0 0.4375 0.38671875 0.359375 0.3046875
0 0.7578125 0.390625 0.328125 0.296875
0 0.7109375 0.13671875 0.296875 0.2734375
0 0.3984375 0.12109375 0.34375 0.2421875
0 0.12890625 0.40234375 0.2578125 0.3203125
0 0.11328125 0.12109375 0.2265625 0.2421875
0 0.49609375 0.49609375 0.9921875 0.9921875