0 0.8984375 0.80078125 0.1875 0.3828125
0 0.890625 0.6328125 0.125 0.21875
0 0.91796875 0.53125 0.1484375 0.15625
0 0.89453125 0.3828125 0.1171875 0.09375
0 0.96875 0.26953125 0.046875 0.1484375
0 0.96875 0.40234375 0.046875 0.1015625
0 0.828125 0.421875 0.09375 0.125
0 0.05859375 0.2109375 0.1171875 0.28125
0 0.15625 0.24609375 0.109375 0.2109375
0 0.2421875 0.26953125 0.078125 0.1796875
0 0.31640625 0.296875 0.0703125 0.1875
0 0.38671875 0.3125 0.0703125 0.140625
0 0.4375 0.32421875 0.0625 0.1328125
0 0.4921875 0.33984375 0.046875 0.1015625
0 0.53125 0.35546875 0.03125 0.1015625
0 0.5625 0.35546875 0.03125 0.1015625
0 0.59375 0.37890625 0.03125 0.0703125
0 0.62890625 0.39453125 0.0234375 0.0703125
0 0.671875 0.484375 0.078125 0.125
0 0.73046875 0.47265625 0.0546875 0.1015625
0 0.08203125 0.47265625 0.1640625 0.2421875
0 0.2109375 0.41796875 0.09375 0.1171875
0 0.2890625 0.421875 0.078125 0.109375
0 0.359375 0.42578125 0.09375 0.0859375
0 0.44140625 0.42578125 0.0859375 0.0703125
0 0.5078125 0.42578125 0.046875 0.0546875
0 0.546875 0.4296875 0.03125 0.046875
0 0.578125 0.43359375 0.046875 0.0390625
0 0.60546875 0.4375 0.0234375 0.015625
0 0.1328125 0.5703125 0.234375 0.1875
0 0.2890625 0.546875 0.078125 0.140625
0 0.3671875 0.53125 0.0625 0.125
0 0.453125 0.51171875 0.09375 0.1015625
0 0.54296875 0.50390625 0.0859375 0.0859375
0 0.60546875 0.50390625 0.0546875 0.0859375
0 0.1328125 0.7421875 0.265625 0.203125
0 0.3046875 0.6796875 0.09375 0.140625
0 0.37890625 0.6484375 0.0703125 0.125
0 0.46484375 0.61328125 0.0859375 0.1015625
0 0.546875 0.5859375 0.078125 0.078125
0 0.60546875 0.55859375 0.0390625 0.0390625