3 0.13095744680851062 0.5318527918781726 0.21511702127659577 0.3149873096446701
3 0.4729574468085106 0.7095431472081218 0.2005212765957447 0.2507233502538071
3 0.34175531914893614 0.6196827411167513 0.2785531914893617 0.7148223350253807
3 0.331468085106383 0.21114213197969542 0.25090425531914895 0.2351269035532995
3 0.4738404255319149 0.08826142131979695 0.22711702127659575 0.17651015228426398
3 0.4052340425531915 0.46267766497461926 0.12890425531914892 0.1656218274111675
3 0.6248936170212765 0.6327791878172588 0.25970212765957446 0.49567258883248727
3 0.6663829787234042 0.6926269035532995 0.17956382978723404 0.35903553299492386
3 0.7993510638297873 0.0292258883248731 0.23414893617021276 0.05761421319796954
3 0.6805744680851064 0.21434010152284264 0.07573404255319148 0.29670050761421324
3 0.7458085106382978 0.4601395939086294 0.0972872340425532 0.1199238578680203