3 0.2561378413524057 0.139697265625 0.36717815344603383 0.2477734375
3 0.44745123537061116 0.09955078125 0.23997399219765927 0.11123046875
3 0.7042912873862159 0.829951171875 0.25245773732119636 0.177294921875
3 0.3183875162548765 0.5908203125 0.15647594278283486 0.129443359375
3 0.5270221066319896 0.6336328125 0.13214564369310794 0.11158203125
3 0.7223927178153445 0.569150390625 0.20654096228868662 0.12609375
3 0.3842782834850455 0.4016796875 0.13769830949284786 0.138291015625
3 0.574850455136541 0.521826171875 0.12269180754226267 0.134921875
3 0.4204291287386216 0.510771484375 0.17188556566970092 0.164560546875
3 0.5092717815344603 0.395888671875 0.14360208062418728 0.12296875
3 0.73444733420026 0.41513671875 0.2024707412223667 0.11912109375
3 0.6155786736020806 0.390126953125 0.1555266579973992 0.104384765625
3 0.6359557867360208 0.647646484375 0.11979193758127439 0.1043359375