3 0.5801564537157757 0.2761521739130435 0.09916558018252934 0.18519565217391304
3 0.6619687092568449 0.4762391304347826 0.20329856584093872 0.28110869565217395
3 0.566271186440678 0.11408695652173913 0.06743155149934811 0.13558695652173913
3 0.36097783572359843 0.19180434782608696 0.2756975228161669 0.2381086956521739
3 0.31089960886571055 0.18354347826086959 0.2826336375488918 0.3274130434782609
3 0.2236375488917862 0.5812391304347826 0.10215123859191655 0.18354347826086959
3 0.3292438070404172 0.5159130434782608 0.1566883963494133 0.2678695652173913
3 0.43734028683181225 0.6779565217391305 0.14478487614080834 0.47291304347826085
3 0.30346805736636245 0.7647826086956522 0.15272490221642765 0.23645652173913043
3 0.19189048239895698 0.7457608695652174 0.04462842242503259 0.07276086956521739
3 0.7170143415906128 0.22902173913043478 0.2023076923076923 0.29267391304347823
3 0.7041199478487613 0.7077391304347826 0.23404172099087353 0.43323913043478257