3 0.49724609375 0.5295314787701318 0.20251953125 0.24311859443631043
3 0.623212890625 0.47891654465592975 0.2233984375 0.45701317715959
3 0.74779296875 0.18938506588579795 0.362587890625 0.19510980966325037
3 0.458974609375 0.07565153733528551 0.2540234375 0.11790629575402635
3 0.273515625 0.10538799414348463 0.16701171875 0.21076134699853585
3 0.1736328125 0.3464128843338214 0.16494140625 0.45701317715959
3 0.252978515625 0.34118594436310395 0.1176171875 0.27963396778916544
3 0.400859375 0.33232796486090777 0.23662109375 0.5415226939970718
3 0.300302734375 0.7241874084919473 0.369541015625 0.37714494875549043
3 0.744208984375 0.7386822840409956 0.441611328125 0.5226354319180088
3 0.724580078125 0.30407027818448024 0.393642578125 0.5558418740849195