3 0.8939999999999999 0.5814074074074074 0.15559722222222222 0.2657037037037037
3 0.036430555555555556 0.6164691358024691 0.072875 0.2845185185185185
3 0.10483333333333333 0.3523950617283951 0.20455555555555555 0.5558024691358024
3 0.4737777777777778 0.7979506172839507 0.10543055555555556 0.4041234567901234
3 0.3256388888888889 0.42501234567901236 0.18877777777777777 0.39735802469135806
3 0.31706944444444446 0.6734074074074075 0.33738888888888885 0.21671604938271605
3 0.26558333333333334 0.90720987654321 0.08116666666666666 0.18558024691358024
3 0.35966666666666663 0.885604938271605 0.1299861111111111 0.22881481481481483
3 0.11651388888888889 0.8602962962962963 0.23302777777777778 0.2794320987654321
3 0.9600694444444444 0.1708641975308642 0.0798611111111111 0.31619753086419755
3 0.8494444444444444 0.12249382716049383 0.13361111111111112 0.24498765432098765
3 0.6890277777777778 0.3171851851851852 0.2600277777777778 0.39239506172839506
3 0.959375 0.7760987654320988 0.08125 0.22212345679012344
3 0.9601805555555556 0.9590617283950618 0.079625 0.08190123456790124
3 0.5719166666666666 0.0648641975308642 0.19430555555555556 0.1297283950617284
3 0.37470833333333337 0.12372839506172839 0.18877777777777777 0.24251851851851852
3 0.4852361111111111 0.42543209876543214 0.143625 0.278
3 0.69275 0.8076049382716048 0.35256944444444444 0.38479012345679015
3 0.8232916666666666 0.9559753086419753 0.09704166666666668 0.08807407407407408
3 0.6244722222222222 0.6709382716049384 0.17993055555555557 0.3435061728395062
3 0.9688611111111112 0.4231604938271605 0.06226388888888889 0.19362962962962962
3 0.8786111111111111 0.345358024691358 0.11045833333333334 0.1549135802469136