1 0.04808300395256917 0.47809375000000004 0.09179841897233203 0.29298437499999996
1 0.1674901185770751 0.5109375 0.08466403162055337 0.230203125
1 0.37 0.48414062500000005 0.2700790513833992 0.2946875
1 0.5732213438735179 0.487625 0.09683794466403162 0.2808125
1 0.6648616600790515 0.49865624999999997 0.08247035573122528 0.24729687500000003
1 0.8557312252964426 0.49084374999999997 0.2885375494071146 0.28378125
1 0.8859288537549407 0.169921875 0.0941897233201581 0.20790625000000001
1 0.9611264822134387 0.14942187499999998 0.07772727272727273 0.264109375
1 0.3102766798418972 0.15740625 0.08035573122529643 0.21065625
1 0.08531620553359684 0.13040625 0.17063241106719368 0.2608125
1 0.48049407114624504 0.149140625 0.08262845849802372 0.23578125
1 0.5688142292490118 0.1438125 0.10116600790513834 0.2668125
1 0.2233399209486166 0.15584375 0.09974308300395257 0.20750000000000002
1 0.3947430830039526 0.159953125 0.09557312252964427 0.20878125
1 0.7807312252964427 0.15146874999999999 0.103399209486166 0.261265625
1 0.6584782608695652 0.8705937499999999 0.07849802371541502 0.234234375
1 0.3120553359683795 0.85821875 0.09709486166007905 0.282421875
1 0.04456521739130435 0.8766875000000001 0.0891501976284585 0.236
1 0.2158102766798419 0.87759375 0.10223320158102767 0.23784375
1 0.40624505928853755 0.87934375 0.07468379446640316 0.24131249999999999
1 0.4867391304347826 0.8611093750000001 0.09513833992094861 0.27778125
1 0.5827272727272728 0.8810781249999999 0.08069169960474308 0.23784375
1 0.7508300395256917 0.8687343750000001 0.09191699604743082 0.2548125
1 0.8392292490118577 0.864640625 0.10620553359683794 0.253578125
1 0.9346837944664032 0.85503125 0.09950592885375495 0.2899375