1 0.49339999999999995 0.4091111111111111 0.14396 0.7441728395061729
1 0.64886 0.3669876543209876 0.232 0.6634074074074074
1 0.10443999999999999 0.6754567901234568 0.14604 0.24330864197530866
1 0.16796 0.8195061728395061 0.27022 0.2845185185185185
1 0.36210000000000003 0.5921728395061728 0.12990000000000002 0.4577037037037037
1 0.36954000000000004 0.3134074074074074 0.12764 0.4222469135802469
1 0.767 0.7840493827160494 0.18830000000000002 0.29471604938271606
1 0.8870399999999999 0.6982962962962963 0.15122 0.2643456790123457
1 0.24168 0.45982716049382716 0.11478000000000001 0.44348148148148153
1 0.8578600000000001 0.41012345679012346 0.11572 0.305283950617284
1 0.53624 0.817358024691358 0.27818 0.2131851851851852