1 0.6751515151515152 0.3078534031413612 0.22234848484848485 0.32481675392670156
1 0.4832954545454546 0.2666492146596859 0.16412878787878787 0.2579057591623036
1 0.3837121212121212 0.17890052356020944 0.19780303030303029 0.16387434554973823
1 0.28375 0.3417801047120419 0.2265530303030303 0.18324607329842932
1 0.19253787878787879 0.4969109947643979 0.14518939393939392 0.1289528795811518
1 0.22761363636363638 0.6457068062827225 0.08488636363636363 0.12408376963350785
1 0.3349621212121212 0.5075392670157068 0.13397727272727272 0.2356020942408377
1 0.3654545454545455 0.7043979057591623 0.19499999999999998 0.15607329842931936
1 0.4766287878787879 0.5356544502617802 0.1031060606060606 0.16387434554973823
1 0.5537878787878787 0.6980628272251309 0.13117424242424244 0.21329842931937174
1 0.6071212121212122 0.48235602094240837 0.13958333333333334 0.25497382198952884
1 0.7039015151515152 0.6660732984293194 0.07787878787878788 0.3393193717277487
1 0.8231439393939394 0.5841361256544503 0.15079545454545457 0.3131413612565445