1 0.04676363636363636 0.5508196721311476 0.0934909090909091 0.8636065573770492
1 0.0672 0.48010928961748633 0.1344 0.8235519125683061
1 0.06883636363636364 0.26639344262295084 0.10909090909090909 0.4898360655737705
1 0.17956363636363637 0.5532786885245902 0.16687272727272728 0.8489617486338799
1 0.20974545454545454 0.46792349726775956 0.15712727272727273 0.8030601092896176
1 0.22338181818181818 0.24344262295081967 0.12469090909090909 0.47912568306010933
1 0.33083636363636365 0.5434972677595628 0.1448 0.8411475409836066
1 0.3467636363636364 0.28054644808743173 0.12727272727272726 0.4361748633879781
1 0.35810909090909093 0.21808743169398906 0.10585454545454545 0.4166666666666667
1 0.4772727272727273 0.550327868852459 0.15712727272727273 0.8391803278688524
1 0.48701818181818185 0.2878688524590164 0.12985454545454544 0.4351912568306011
1 0.49349090909090915 0.217103825136612 0.11167272727272727 0.4030054644808743
1 0.6292363636363636 0.550327868852459 0.13636363636363635 0.8431147540983606
1 0.6301818181818182 0.2966666666666667 0.13312727272727273 0.4644808743169399
1 0.6308363636363636 0.24202185792349726 0.12923636363636362 0.4449726775956285
1 0.7740363636363636 0.548415300546448 0.15065454545454546 0.8431147540983606
1 0.775309090909091 0.30491803278688523 0.15323636363636364 0.48109289617486345
1 0.7694909090909091 0.2527322404371585 0.15712727272727273 0.4781420765027322
1 0.9266181818181818 0.5562295081967213 0.14676363636363637 0.8469945355191257
1 0.9168727272727272 0.35032786885245903 0.12469090909090909 0.5718032786885245
1 0.8980363636363636 0.23076502732240436 0.0896 0.434207650273224