3 0.18184666666666666 0.40349650349650346 0.19451999999999997 0.1553146853146853
3 0.23329999999999998 0.23457542457542457 0.36308 0.21789210789210792
3 0.32320666666666664 0.38070929070929066 0.07374 0.1035964035964036
3 0.3783266666666667 0.43953046953046954 0.028286666666666665 0.08982017982017981
3 0.17847333333333332 0.5294805194805194 0.08777333333333333 0.18757242757242756
3 0.14462 0.6946053946053946 0.10624666666666667 0.1454945054945055
3 0.28158 0.5805294705294706 0.12529333333333334 0.16853146853146853
3 0.32708 0.4980519480519481 0.07009333333333333 0.16784215784215784
3 0.2555866666666667 0.7198001998001998 0.09113333333333333 0.1411088911088911
3 0.35878666666666664 0.7155344655344655 0.1235 0.23114885114885114
3 0.49944666666666665 0.7115184815184815 0.11729333333333333 0.1615084915084915
3 0.4441866666666667 0.5324775224775224 0.09448 0.20382617382617382
3 0.58066 0.4991608391608392 0.11802 0.03248751248751249
3 0.6594733333333334 0.6883216783216783 0.10803333333333334 0.0945854145854146
3 0.6237333333333334 0.671058941058941 0.11374000000000001 0.1278121878121878
3 0.6276666666666667 0.6213486513486514 0.11611333333333332 0.06946053946053946
3 0.63956 0.5728171828171829 0.11249333333333333 0.04426573426573427
3 0.6190266666666666 0.5455444555444556 0.10706666666666666 0.05542457542457542
3 0.6619666666666667 0.5405494505494506 0.09838666666666668 0.06804195804195805
3 0.6108 0.37909090909090915 0.28348666666666666 0.19744255744255743
3 0.49508 0.22268731268731268 0.2497 0.32964035964035965
3 0.6154666666666667 0.0873026973026973 0.08349333333333334 0.1061038961038961
3 0.6518066666666666 0.15221778221778223 0.09588666666666668 0.11313686313686314
3 0.6941666666666667 0.06397602397602398 0.07783333333333334 0.12515484515484515
3 0.7153533333333333 0.06688311688311689 0.031193333333333333 0.11337662337662337
3 0.7447866666666667 0.12309690309690309 0.059366666666666665 0.09761238761238761
3 0.8231533333333333 0.13395604395604396 0.09874000000000001 0.08647352647352648
3 0.8151866666666666 0.275044955044955 0.26642666666666664 0.24339660339660338
3 0.7870199999999999 0.4548751248751249 0.20872666666666664 0.1903096903096903
3 0.8412666666666667 0.5772727272727273 0.05549333333333333 0.07987012987012987
3 0.8593666666666666 0.6344455544455545 0.06316 0.09566433566433567
3 0.74898 0.597992007992008 0.04358 0.06998001998001997
3 0.7911666666666667 0.6036363636363636 0.05394666666666667 0.09154845154845155
3 0.74346 0.6778721278721278 0.047606666666666665 0.09214785214785215
3 0.8128466666666666 0.6951148851148851 0.0562 0.08262737262737262
3 0.8494066666666666 0.7242157842157843 0.0406 0.06781218781218781
3 0.7842066666666666 0.7872727272727272 0.3538266666666667 0.149000999000999
3 0.7295 0.9175424575424576 0.4088533333333333 0.16492507492507494