3 0.07496875 0.4383888888888889 0.14945312500000002 0.5853333333333334
3 0.523734375 0.8211111111111111 0.38059375 0.20975000000000002
3 0.260640625 0.897 0.276109375 0.206
3 0.525890625 0.9521388888888889 0.226296875 0.09572222222222222
3 0.30415625 0.28641666666666665 0.175625 0.2985
3 0.366171875 0.6503611111111111 0.278484375 0.36741666666666667
3 0.566875 0.37919444444444445 0.22893750000000002 0.40708333333333335
3 0.733328125 0.5612777777777778 0.22096875 0.40541666666666665
3 0.8331875 0.2870833333333333 0.300046875 0.5673333333333334
3 0.764703125 0.8143055555555555 0.267828125 0.3713611111111111
3 0.145390625 0.1631111111111111 0.208578125 0.32625
3 0.370265625 0.3370833333333333 0.12415625 0.24166666666666667