3 0.11672151898734176 0.06322209436133487 0.20745569620253163 0.12644418872266974
3 0.23229113924050632 0.12538550057537398 0.164126582278481 0.15895281933256616
3 0.4888481012658228 0.06518987341772152 0.20458227848101265 0.13036823935558114
3 0.726012658227848 0.12256616800920599 0.21917721518987343 0.1659493670886076
3 0.902 0.03891829689298044 0.1587721518987342 0.07783659378596088
3 0.6714303797468354 0.1936248561565017 0.1558987341772152 0.1111277330264672
3 0.8189367088607595 0.26880322209436136 0.14624050632911392 0.11757192174913694
3 0.8559240506329113 0.42493670886075946 0.24203797468354432 0.20005753739930954
3 0.6345949367088607 0.3648331415420023 0.16555696202531645 0.19094361334867666
3 0.5128227848101266 0.26376294591484467 0.2330886075949367 0.15545454545454546
3 0.4972658227848101 0.4096547756041427 0.11308860759493672 0.1821288837744534
3 0.18206329113924052 0.4346029919447641 0.22012658227848103 0.16132336018411966
3 0.1268354430379747 0.24103567318757194 0.22226582278481014 0.16049482163406215
3 0.31645569620253167 0.24469505178365936 0.18548101265822786 0.10468354430379746
3 0.1787848101265823 0.6738895281933257 0.17520253164556962 0.18288837744533948
3 0.4630253164556962 0.5873187571921749 0.20764556962025316 0.18143843498273876
3 0.10953164556962025 0.7640276179516686 0.13946835443037975 0.16620253164556964
3 0.2937341772151899 0.8008400460299194 0.22536708860759494 0.11359033371691599
3 0.16212658227848104 0.8935558112773303 0.20929113924050632 0.18034522439585732
3 0.3462278481012658 0.9168469505178366 0.21012658227848102 0.16631760644418872
3 0.46948101265822784 0.8299654775604143 0.1821772151898734 0.18951668584579975
3 0.5877215189873418 0.9204027617951669 0.23731645569620252 0.15575373993095512
3 0.9231139240506329 0.577180667433832 0.1537721518987342 0.19903337169159954
3 0.8321898734177214 0.7804027617951668 0.15524050632911393 0.22421173762945915
3 0.8468101265822785 0.9036593785960875 0.19046835443037974 0.12481012658227847
3 0.6598987341772152 0.7833256616800921 0.20600000000000002 0.13915995397008055
3 0.6958101265822786 0.6327502876869966 0.1879873417721519 0.20915995397008055
3 0.820746835443038 0.5626812428078252 0.12124050632911393 0.12457997698504028