3 0.4791729323308271 0.10511278195488723 0.10568922305764411 0.20105263157894734
3 0.6067167919799499 0.6152255639097745 0.1869674185463659 0.2772180451127819
3 0.7764160401002507 0.4729699248120301 0.21283208020050126 0.3243984962406015
3 0.6125563909774436 0.26575187969924813 0.1819548872180451 0.26417293233082706
3 0.7604010025062656 0.20184210526315788 0.1735839598997494 0.24161654135338345
3 0.3701754385964912 0.38981203007518794 0.17669172932330826 0.2600375939849624
3 0.4356140350877193 0.7722932330827068 0.18614035087719297 0.2772932330827068
3 0.18568922305764413 0.41887218045112784 0.19593984962406016 0.16187969924812032
3 0.23025062656641604 0.5711278195488722 0.23157894736842108 0.11804511278195488
3 0.2725563909774436 0.6697368421052632 0.24047619047619048 0.34868421052631576
3 0.6978947368421052 0.774812030075188 0.18944862155388473 0.26221804511278196