3 0.5643916666666666 0.12154999999999999 0.10174166666666667 0.0480875
3 0.6145666666666667 0.19225 0.07988333333333333 0.0933875
3 0.678825 0.1867 0.06098333333333334 0.10894999999999999
3 0.58605 0.5856625 0.16061666666666669 0.2468625
3 0.8405750000000001 0.5341125 0.0441 0.13655
3 0.5734583333333333 0.754825 0.18728333333333333 0.1226
3 0.41670833333333335 0.23782499999999998 0.277125 0.1756375
3 0.6098416666666666 0.31005 0.22116666666666665 0.08008749999999999
3 0.57235 0.35145000000000004 0.17025 0.0706625
3 0.7301166666666666 0.485075 0.07838333333333333 0.0745875
3 0.69975 0.6295499999999999 0.09171666666666667 0.16574999999999998
3 0.21681666666666669 0.418975 0.20734166666666667 0.335725
3 0.29551666666666665 0.6349750000000001 0.19214166666666666 0.3193875
3 0.24673333333333333 0.7063625 0.128275 0.11215
3 0.25386666666666663 0.6168875 0.000049999999999999996 0.0001
3 0.3723666666666666 0.411875 0.103625 0.172075
3 0.3108916666666667 0.50105 0.06808333333333333 0.06265
3 0.784375 0.6144124999999999 0.048374999999999994 0.2115875
3 0.7636166666666667 0.3711625 0.14616666666666667 0.08233750000000001
3 0.6919666666666667 0.4117375 0.246525 0.1040125
3 0.4482916666666667 0.40533749999999996 0.08509166666666666 0.1434625
3 0.3723666666666666 0.7387250000000001 0.08584166666666668 0.056875
3 0.17618333333333333 0.45173749999999996 0.0931 0.172925
3 0.5101333333333333 0.854575 0.15544166666666667 0.06525
3 0.7360416666666667 0.254225 0.12874166666666667 0.2462125